200 100 0.000000 0.000000 0.000000 0.000000 0.000000 0.000000 
63.946565 67.152672 68.435115 64.587786 115.068702 115.068702 0.290076 0.290076 
17.458015 20.343511 20.022901 14.572519 114.106870 114.427481 -0.351145 -0.671756 
64.908397 76.129771 77.412214 66.190840 115.389313 123.083969 121.801527 114.427481 
76.129771 78.053435 80.297710 77.732824 122.763359 135.587786 136.229008 122.122137 
77.412214 81.259542 80.618321 78.053435 147.770992 147.129771 137.190840 135.908397 
73.564885 76.129771 81.900763 79.015267 159.954198 160.274809 147.770992 148.091603 
62.984733 75.488550 72.923664 63.305344 167.648855 160.274809 159.633588 167.969466 
63.305344 48.236641 47.916031 63.305344 167.969466 173.419847 172.137405 166.687023 
47.595420 32.847328 32.526718 48.557252 172.778626 172.778626 171.816794 171.816794 
19.702290 32.526718 33.488550 24.511450 164.442748 172.778626 170.534351 163.480916 
18.419847 11.687023 13.290076 24.511450 164.122137 156.106870 154.183206 163.160305 
11.687023 11.687023 13.931298 13.610687 153.221374 144.564885 144.564885 155.786260 
12.007634 14.251908 16.496183 12.648855 143.282443 134.946565 136.229008 147.129771 
18.099237 13.931298 16.175573 20.343511 114.748092 136.229008 136.229008 115.068702 
42.145038 46.954198 47.595420 40.541985 144.885496 145.206107 139.435115 138.473282 
76.129771 71.641221 79.656489 85.748092 183.038168 173.740458 168.290076 178.229008 
71.320611 88.954198 91.519084 91.519084 186.244275 189.450382 174.702290 174.702290 
39.259542 49.519084 46.954198 36.694656 177.587786 176.625954 186.564885 186.885496 
34.129771 50.480916 41.824427 41.824427 186.885496 186.885496 194.580153 194.580153 
9.763359 20.343511 14.251908 7.839695 165.404580 174.061069 181.114504 171.816794 
4.954198 8.480916 14.893130 14.893130 175.343511 170.854962 180.152672 180.152672 
1.748092 17.778626 6.236641 6.236641 171.816794 183.038168 184.641221 184.641221 
74.847328 74.847328 83.503817 82.541985 94.549618 83.007634 82.687023 94.229008 
83.183206 83.503817 90.557252 90.557252 97.114504 78.839695 88.458015 88.458015 
74.526718 80.938931 80.938931 75.167939 54.793893 56.076336 46.137405 46.137405 
81.259542 81.259542 86.709924 86.709924 59.282443 43.893130 51.267176 51.267176 
6.877863 12.007634 12.007634 6.557252 76.595420 76.274809 66.656489 66.335878 
7.198473 2.709924 6.557252 6.557252 81.083969 71.145038 60.244275 60.244275 